           0000    
        00077770   
      00777777770  
    0077777777770  
   07777777770770  
  077000077777070  
 070011110777770   
0700111111077770   
07010311111077770  
07001003003107770  
 0700303300307770  
  07030330330770   
  0703333370770    
 00070333307700    
0177070000777770   
01110777770000770  
01177007701777070  
01777777701117770  
01117777701177770  
01177777701777770  
01770777701117770  
01110777701177770  
 0170771770171770  
 0101711711011710  
  0111111111011110 
   000000000 0000  
