           00000          
       000002020          
       033202200          
       0000000000000      
           00200772000    
         0007332000330    
0000000000303333222220    
0732333330303333333330    
0000000000202220202220    
    00322020222323222000  
    030000002222222220300 
    000003000000000000020 
    007332323222222222300 
    032200000000000002220 
    020002232232232000000 
    0000000000000000200   
     0202000000000000000  
     0300002000200020030  
     0020022002200220020  
      003000000000000200  
       0003233233233200   
         0000000000000    
